n = 600851475143;
Max[FactorInteger[n]]
